%prad lasera [mA] dla temperatury 24 stopni C, dla serii 1.
prad_lasera_24_1=[
0.000000e+000    ;
2.984037e-001    ;
5.968075e-001    ;
8.952112e-001    ;
1.193615e+000    ;
1.492019e+000    ;
1.790422e+000    ;
2.088826e+000    ;
2.387230e+000    ;
2.685634e+000    ;
2.984037e+000    ;
3.282441e+000    ;
3.580845e+000    ;
3.879249e+000    ;
4.177652e+000    ;
4.476056e+000    ;
4.774460e+000    ;
5.072864e+000    ;
5.371267e+000    ;
5.669671e+000    ;
5.968075e+000    ;
6.266479e+000    ;
6.564882e+000    ;
6.863286e+000    ;
7.161690e+000    ;
7.460094e+000    ;
7.758497e+000    ;
8.056901e+000    ;
8.355305e+000    ;
8.653708e+000    ;
8.952112e+000    ;
9.250516e+000    ;
9.548920e+000    ;
9.847323e+000    ;
1.014573e+001    ;
1.044413e+001    ;
1.074253e+001    ;
1.104094e+001    ;
1.133934e+001    ;
1.163775e+001    ;
1.193615e+001    ;
1.223455e+001    ;
1.253296e+001    ;
1.283136e+001    ;
1.312976e+001    ;
1.342817e+001    ;
1.372657e+001    ;
1.402498e+001    ;
1.432338e+001    ;
1.462178e+001    ;
1.492019e+001    ;
1.521859e+001    ;
1.551699e+001    ;
1.581540e+001    ;
1.611380e+001    ;
1.641221e+001    ;
1.671061e+001    ;
1.700901e+001    ;
1.730742e+001    ;
1.760582e+001    ;
1.790422e+001    ;
1.820263e+001    ;
1.850103e+001    ;
1.879944e+001    ;
1.909784e+001    ;
1.939624e+001    ;
1.969465e+001    ;
1.999305e+001    ;
2.029145e+001    ;
2.058986e+001    ;
2.088826e+001    ;
2.118667e+001    ;
2.148507e+001    ;
2.178347e+001    ;
2.208188e+001    ;
2.238028e+001    ;
2.267868e+001    ;
2.297709e+001    ;
2.327549e+001    ;
2.357390e+001    ;
2.387230e+001    ;
2.417070e+001    ;
2.446911e+001    ;
2.476751e+001    ;
2.506591e+001    ;
2.536432e+001    ;
2.566272e+001    ;
2.596113e+001    ;
2.625953e+001    ;
2.655793e+001    ;
2.685634e+001    ;
2.715474e+001    ;
2.745314e+001    ;
2.775155e+001    ;
2.804995e+001    ;
2.834836e+001    ;
2.864676e+001    ;
2.894516e+001    ;
2.924357e+001    ;
2.954197e+001    ;
2.984037e+001    ;
];


%napiecie na laserze [V] dla temperatury 24 stopni C, zmierzone w serii 1.
napiecie_zlacza_24_1=[
5.631567e-001    ;
6.936816e-001    ;
7.157422e-001    ;
7.316748e-001    ;
7.365771e-001    ;
7.531226e-001    ;
7.586377e-001    ;
7.678296e-001    ;
7.721191e-001    ;
7.788599e-001    ;
7.819238e-001    ;
7.886646e-001    ;
7.917285e-001    ;
7.966309e-001    ;
8.015332e-001    ;
8.058228e-001    ;
8.101123e-001    ;
8.144019e-001    ;
8.186914e-001    ;
8.199170e-001    ;
8.254321e-001    ;
8.278833e-001    ;
8.333984e-001    ;
8.352368e-001    ;
8.407520e-001    ;
8.413647e-001    ;
8.425903e-001    ;
8.499438e-001    ;
8.517822e-001    ;
8.548462e-001    ;
8.579102e-001    ;
8.603613e-001    ;
8.640381e-001    ;
8.671021e-001    ;
8.726172e-001    ;
8.744556e-001    ;
8.769067e-001    ;
8.793579e-001    ;
8.830347e-001    ;
8.848730e-001    ;
8.867114e-001    ;
8.885498e-001    ;
8.928394e-001    ;
8.965161e-001    ;
8.989673e-001    ;
9.026440e-001    ;
9.044824e-001    ;
9.118359e-001    ;
9.112231e-001    ;
9.118359e-001    ;
9.179639e-001    ;
9.179639e-001    ;
9.216406e-001    ;
9.247046e-001    ;
9.259302e-001    ;
9.277686e-001    ;
9.308325e-001    ;
9.320581e-001    ;
9.369604e-001    ;
9.394116e-001    ;
9.412500e-001    ;
9.443140e-001    ;
9.455396e-001    ;
9.479907e-001    ;
9.504419e-001    ;
9.559570e-001    ;
9.528931e-001    ;
9.608594e-001    ;
9.590210e-001    ;
9.608594e-001    ;
9.633105e-001    ;
9.645361e-001    ;
9.663745e-001    ;
9.682129e-001    ;
9.712769e-001    ;
9.718896e-001    ;
9.743408e-001    ;
9.798560e-001    ;
9.792432e-001    ;
9.798560e-001    ;
9.841455e-001    ;
9.853711e-001    ;
9.872095e-001    ;
9.902734e-001    ;
9.859839e-001    ;
9.921118e-001    ;
9.939502e-001    ;
9.982397e-001    ;
9.976270e-001    ;
1.001917e+000    ;
9.994653e-001    ;
1.005593e+000    ;
1.007432e+000    ;
1.009270e+000    ;
1.011721e+000    ;
1.013560e+000    ;
1.014172e+000    ;
1.012947e+000    ;
1.018462e+000    ;
1.020913e+000    ;
1.021526e+000    ;
];


%moc optyczna lasera [W] dla temperatury 24 stopni C, zmierzona w serii 1.
moc_optyczna_24_1=[
0.000000e+000    ;
0.000000e+000    ;
0.000000e+000    ;
0.000000e+000    ;
0.000000e+000    ;
0.000000e+000    ;
0.000000e+000    ;
0.000000e+000    ;
0.000000e+000    ;
0.000000e+000    ;
0.000000e+000    ;
0.000000e+000    ;
0.000000e+000    ;
0.000000e+000    ;
2.042643e-006    ;
0.000000e+000    ;
0.000000e+000    ;
0.000000e+000    ;
0.000000e+000    ;
0.000000e+000    ;
5.106608e-007    ;
2.042643e-006    ;
0.000000e+000    ;
0.000000e+000    ;
0.000000e+000    ;
5.106608e-007    ;
0.000000e+000    ;
5.106608e-007    ;
0.000000e+000    ;
5.106608e-007    ;
0.000000e+000    ;
0.000000e+000    ;
1.021322e-006    ;
0.000000e+000    ;
5.106608e-007    ;
0.000000e+000    ;
0.000000e+000    ;
1.021322e-006    ;
1.021322e-006    ;
0.000000e+000    ;
5.106608e-007    ;
0.000000e+000    ;
5.106608e-007    ;
5.106608e-007    ;
1.021322e-006    ;
5.106608e-007    ;
5.106608e-007    ;
5.106608e-007    ;
0.000000e+000    ;
5.106608e-007    ;
0.000000e+000    ;
1.021322e-006    ;
1.021322e-006    ;
0.000000e+000    ;
2.042643e-006    ;
0.000000e+000    ;
1.021322e-006    ;
1.021322e-006    ;
5.106608e-007    ;
1.531982e-006    ;
5.106608e-007    ;
8.681234e-006    ;
3.012899e-005    ;
4.851278e-005    ;
6.434326e-005    ;
8.017375e-005    ;
1.067281e-004    ;
1.143880e-004    ;
1.026428e-004    ;
1.511556e-004    ;
1.358358e-004    ;
1.889445e-004    ;
1.991577e-004    ;
2.287760e-004    ;
2.410319e-004    ;
2.665649e-004    ;
2.742249e-004    ;
2.624797e-004    ;
3.109924e-004    ;
3.293762e-004    ;
3.309082e-004    ;
3.615479e-004    ;
3.778890e-004    ;
3.978048e-004    ;
4.172099e-004    ;
4.274231e-004    ;
4.452962e-004    ;
4.657227e-004    ;
4.800212e-004    ;
5.086182e-004    ;
5.127035e-004    ;
5.280233e-004    ;
5.469177e-004    ;
5.612162e-004    ;
5.698975e-004    ;
5.944092e-004    ;
6.097290e-004    ;
5.913452e-004    ;
6.429220e-004    ;
6.587524e-004    ;
6.807109e-004    ;
];


%prad lasera [mA] dla temperatury 24 stopni C, dla serii 2.
